1974 0
1975 0
1976 0
1977 0
1978 0
1979 0
1980 0
1981 0
1982 0
1983 0
1984 0
1985 0
1986 0
1987 0
1988 0
1989 0
1990 0
1991 0
1992 0
1993 0
1994 0
1995 0
1996 0
1997 0
1998 0
1999 0
2000 1
2001 0
2002 0
2003 0
2004 1
2005 0
2006 0
2007 2
2008 0
2009 1
2010 4
2011 3
2012 1
2013 3
2014 1


1974 0
1975 0
1976 0
1977 0
1978 0
1979 0
1980 0
1981 0
1982 0
1983 0
1984 0
1985 0
1986 0
1987 0
1988 0
1989 0
1990 0
1991 0
1992 0
1993 0
1994 0
1995 0
1996 0
1997 1
1998 0
1999 1
2000 0
2001 0
2002 1
2003 3
2004 2
2005 0
2006 0
2007 1
2008 1
2009 4
2010 4
2011 2
2012 1
2013 2
2014 2


1974 0
1975 0
1976 0
1977 0
1978 0
1979 0
1980 0
1981 0
1982 0
1983 0
1984 0
1985 0
1986 0
1987 0
1988 1
1989 0
1990 0
1991 0
1992 0
1993 1
1994 0
1995 0
1996 1
1997 0
1998 1
1999 1
2000 3
2001 0
2002 4
2003 7
2004 3
2005 4
2006 4
2007 9
2008 5
2009 8
2010 14
2011 17
2012 10
2013 13
2014 1


1974 1
1975 0
1976 0
1977 0
1978 0
1979 0
1980 0
1981 0
1982 0
1983 0
1984 0
1985 1
1986 0
1987 0
1988 0
1989 0
1990 1
1991 0
1992 0
1993 0
1994 2
1995 1
1996 2
1997 0
1998 1
1999 0
2000 4
2001 1
2002 1
2003 1
2004 4
2005 3
2006 4
2007 3
2008 5
2009 6
2010 8
2011 7
2012 4
2013 5
2014 0
